0.0 0.0
0.01 0.00569
0.02 0.01138
0.03 0.01706
0.04 0.02274
0.05 0.02842
0.06 0.0341
0.07 0.03979
0.08 0.04548
0.09 0.05117
0.1 0.05687
0.11 0.06257
0.12 0.06828
0.13 0.074
0.14 0.07972
0.15 0.08544
0.16 0.09117
0.17 0.0969
0.18 0.10263
0.19 0.10837
0.2 0.1141
0.21 0.11983
0.22 0.12556
0.23 0.13129
0.24 0.137
0.25 0.14272
0.26 0.14842
0.27 0.15411
0.28 0.15978
0.29 0.16544
0.3 0.17109
0.31 0.17671
0.32 0.18232
0.33 0.1879
0.34 0.19345
0.35 0.19898
0.36 0.20447
0.37 0.20994
0.38 0.21537
0.39 0.22076
0.4 0.22612
0.41 0.23143
0.42 0.23671
0.43 0.24193
0.44 0.24711
0.45 0.25225
0.46 0.25733
0.47 0.26236
0.48 0.26733
0.49 0.27225
0.5 0.2771
0.51 0.2819
0.52 0.28664
0.53 0.29131
0.54 0.29591
0.55 0.30045
0.56 0.30492
0.57 0.30932
0.58 0.31364
0.59 0.3179
0.6 0.32207
0.61 0.32617
0.62 0.3302
0.63 0.33414
0.64 0.338
0.65 0.34179
0.66 0.34548
0.67 0.3491
0.68 0.35263
0.69 0.35608
0.7 0.35944
0.71 0.36271
0.72 0.36589
0.73 0.36899
0.74 0.37199
0.75 0.37491
0.76 0.37773
0.77 0.38046
0.78 0.38311
0.79 0.38566
0.8 0.38811
0.81 0.39048
0.82 0.39275
0.83 0.39493
0.84 0.39701
0.85 0.399
0.86 0.4009
0.87 0.4027
0.88 0.40441
0.89 0.40603
0.9 0.40755
0.91 0.40898
0.92 0.41031
0.93 0.41156
0.94 0.41271
0.95 0.41376
0.96 0.41473
0.97 0.4156
0.98 0.41638
0.99 0.41707
1.0 0.41767
1.01 0.41817
1.02 0.41859
1.03 0.41892
1.04 0.41916
1.05 0.41931
1.06 0.41938
1.07 0.41935
1.08 0.41925
1.09 0.41905
1.1 0.41877
1.11 0.41841
1.12 0.41796
1.13 0.41743
1.14 0.41682
1.15 0.41613
1.16 0.41535
1.17 0.4145
1.18 0.41357
1.19 0.41256
1.2 0.41148
1.21 0.41032
1.22 0.40908
1.23 0.40777
1.24 0.40639
1.25 0.40494
1.26 0.40341
1.27 0.40182
1.28 0.40015
1.29 0.39842
1.3 0.39662
1.31 0.39476
1.32 0.39283
1.33 0.39083
1.34 0.38878
1.35 0.38666
1.36 0.38448
1.37 0.38225
1.38 0.37995
1.39 0.3776
1.4 0.37519
1.41 0.37273
1.42 0.37022
1.43 0.36765
1.44 0.36503
1.45 0.36236
1.46 0.35964
1.47 0.35688
1.48 0.35406
1.49 0.35121
1.5 0.3483
1.51 0.34536
1.52 0.34237
1.53 0.33935
1.54 0.33628
1.55 0.33318
1.56 0.33004
1.57 0.32686
1.58 0.32366
1.59 0.32041
1.6 0.31714
1.61 0.31384
1.62 0.3105
1.63 0.30714
1.64 0.30376
1.65 0.30034
1.66 0.29691
1.67 0.29345
1.68 0.28997
1.69 0.28647
1.7 0.28295
1.71 0.27941
1.72 0.27586
1.73 0.27229
1.74 0.26871
1.75 0.26511
1.76 0.26151
1.77 0.25789
1.78 0.25427
1.79 0.25064
1.8 0.247
1.81 0.24336
1.82 0.23972
1.83 0.23607
1.84 0.23242
1.85 0.22878
1.86 0.22513
1.87 0.22149
1.88 0.21785
1.89 0.21422
1.9 0.21059
1.91 0.20697
1.92 0.20336
1.93 0.19976
1.94 0.19617
1.95 0.19259
1.96 0.18903
1.97 0.18548
1.98 0.18195
1.99 0.17844
2.0 0.17494
2.01 0.17146
2.02 0.16801
2.03 0.16457
2.04 0.16116
2.05 0.15777
2.06 0.1544
2.07 0.15106
2.08 0.14775
2.09 0.14446
2.1 0.1412
2.11 0.13798
2.12 0.13478
2.13 0.13161
2.14 0.12848
2.15 0.12537
2.16 0.1223
2.17 0.11927
2.18 0.11627
2.19 0.11331
2.2 0.11038
2.21 0.10749
2.22 0.10464
2.23 0.10182
2.24 0.09905
2.25 0.09631
2.26 0.09361
2.27 0.09096
2.28 0.08835
2.29 0.08577
2.3 0.08324
2.31 0.08075
2.32 0.07831
2.33 0.07591
2.34 0.07355
2.35 0.07123
2.36 0.06896
2.37 0.06673
2.38 0.06454
2.39 0.0624
2.4 0.06031
2.41 0.05826
2.42 0.05625
2.43 0.05429
2.44 0.05237
2.45 0.05049
2.46 0.04866
2.47 0.04688
2.48 0.04514
2.49 0.04344
2.5 0.04178
2.51 0.04017
2.52 0.0386
2.53 0.03708
2.54 0.03559
2.55 0.03415
2.56 0.03275
2.57 0.03139
2.58 0.03007
2.59 0.0288
2.6 0.02756
2.61 0.02636
2.62 0.0252
2.63 0.02407
2.64 0.02299
2.65 0.02194
2.66 0.02093
2.67 0.01995
2.68 0.01901
2.69 0.0181
2.7 0.01722
2.71 0.01638
2.72 0.01557
2.73 0.01479
2.74 0.01404
2.75 0.01333
2.76 0.01264
2.77 0.01197
2.78 0.01134
2.79 0.01073
2.8 0.01015
2.81 0.00959
2.82 0.00905
2.83 0.00854
2.84 0.00805
2.85 0.00759
2.86 0.00714
2.87 0.00671
2.88 0.00631
2.89 0.00592
2.9 0.00554
2.91 0.00519
2.92 0.00485
2.93 0.00452
2.94 0.00421
2.95 0.00392
2.96 0.00363
2.97 0.00336
2.98 0.0031
2.99 0.00285
4.0 0.0
