0.0 0.0
0.01 0.00628
0.02 0.01262
0.03 0.01899
0.04 0.0254
0.05 0.03182
0.06 0.03826
0.07 0.0447
0.08 0.05114
0.09 0.05757
0.1 0.06399
0.11 0.07039
0.12 0.07677
0.13 0.08312
0.14 0.08944
0.15 0.09573
0.16 0.10198
0.17 0.1082
0.18 0.11437
0.19 0.12051
0.2 0.1266
0.21 0.13265
0.22 0.13866
0.23 0.14462
0.24 0.15053
0.25 0.1564
0.26 0.16222
0.27 0.168
0.28 0.17374
0.29 0.17943
0.3 0.18508
0.31 0.19068
0.32 0.19624
0.33 0.20175
0.34 0.20723
0.35 0.21266
0.36 0.21806
0.37 0.22341
0.38 0.22873
0.39 0.234
0.4 0.23924
0.41 0.24444
0.42 0.2496
0.43 0.25473
0.44 0.25982
0.45 0.26487
0.46 0.26989
0.47 0.27487
0.48 0.27982
0.49 0.28473
0.5 0.2896
0.51 0.29444
0.52 0.29924
0.53 0.304
0.54 0.30873
0.55 0.31341
0.56 0.31806
0.57 0.32267
0.58 0.32723
0.59 0.33176
0.6 0.33624
0.61 0.34068
0.62 0.34507
0.63 0.34941
0.64 0.35371
0.65 0.35795
0.66 0.36215
0.67 0.36629
0.68 0.37037
0.69 0.3744
0.7 0.37837
0.71 0.38228
0.72 0.38612
0.73 0.38991
0.74 0.39362
0.75 0.39727
0.76 0.40084
0.77 0.40434
0.78 0.40777
0.79 0.41111
0.8 0.41438
0.81 0.41757
0.82 0.42067
0.83 0.42368
0.84 0.4266
0.85 0.42944
0.86 0.43218
0.87 0.43482
0.88 0.43737
0.89 0.43981
0.9 0.44216
0.91 0.4444
0.92 0.44653
0.93 0.44855
0.94 0.45047
0.95 0.45227
0.96 0.45396
0.97 0.45553
0.98 0.45699
0.99 0.45832
1.0 0.45954
1.01 0.46063
1.02 0.4616
1.03 0.46245
1.04 0.46317
1.05 0.46376
1.06 0.46422
1.07 0.46456
1.08 0.46477
1.09 0.46484
1.1 0.46479
1.11 0.4646
1.12 0.46428
1.13 0.46383
1.14 0.46325
1.15 0.46253
1.16 0.46168
1.17 0.4607
1.18 0.45959
1.19 0.45834
1.2 0.45697
1.21 0.45546
1.22 0.45383
1.23 0.45206
1.24 0.45017
1.25 0.44815
1.26 0.446
1.27 0.44373
1.28 0.44134
1.29 0.43882
1.3 0.43619
1.31 0.43344
1.32 0.43057
1.33 0.42758
1.34 0.42448
1.35 0.42127
1.36 0.41796
1.37 0.41453
1.38 0.41101
1.39 0.40738
1.4 0.40365
1.41 0.39983
1.42 0.39591
1.43 0.39191
1.44 0.38781
1.45 0.38363
1.46 0.37937
1.47 0.37503
1.48 0.37061
1.49 0.36612
1.5 0.36156
1.51 0.35694
1.52 0.35225
1.53 0.3475
1.54 0.34269
1.55 0.33783
1.56 0.33293
1.57 0.32797
1.58 0.32297
1.59 0.31794
1.6 0.31286
1.61 0.30776
1.62 0.30263
1.63 0.29747
1.64 0.29228
1.65 0.28708
1.66 0.28187
1.67 0.27664
1.68 0.27141
1.69 0.26617
1.7 0.26093
1.71 0.25569
1.72 0.25045
1.73 0.24523
1.74 0.24001
1.75 0.23481
1.76 0.22963
1.77 0.22447
1.78 0.21933
1.79 0.21422
1.8 0.20914
1.81 0.2041
1.82 0.19908
1.83 0.19411
1.84 0.18918
1.85 0.18429
1.86 0.17945
1.87 0.17465
1.88 0.16991
1.89 0.16521
1.9 0.16058
1.91 0.156
1.92 0.15148
1.93 0.14702
1.94 0.14262
1.95 0.13829
1.96 0.13402
1.97 0.12983
1.98 0.1257
1.99 0.12164
2.0 0.11765
2.01 0.11374
2.02 0.1099
2.03 0.10614
2.04 0.10245
2.05 0.09884
2.06 0.0953
2.07 0.09185
2.08 0.08847
2.09 0.08517
2.1 0.08195
2.11 0.07881
2.12 0.07575
2.13 0.07277
2.14 0.06987
2.15 0.06705
2.16 0.06431
2.17 0.06165
2.18 0.05907
2.19 0.05656
2.2 0.05414
2.21 0.05179
2.22 0.04951
2.23 0.04731
2.24 0.04519
2.25 0.04314
2.26 0.04117
2.27 0.03926
2.28 0.03743
2.29 0.03567
2.3 0.03398
2.31 0.03235
2.32 0.03079
2.33 0.02929
2.34 0.02786
2.35 0.02649
2.36 0.02519
2.37 0.02394
2.38 0.02275
2.39 0.02161
2.4 0.02053
2.41 0.0195
2.42 0.01853
2.43 0.0176
2.44 0.01672
2.45 0.01589
2.46 0.0151
2.47 0.01436
2.48 0.01366
2.49 0.013
2.5 0.01237
2.51 0.01178
2.52 0.01123
2.53 0.01071
2.54 0.01023
2.55 0.00977
2.56 0.00934
2.57 0.00894
2.58 0.00857
2.59 0.00821
2.6 0.00789
2.61 0.00758
2.62 0.00729
2.63 0.00702
2.64 0.00677
2.65 0.00653
2.66 0.00631
2.67 0.0061
2.68 0.00591
2.69 0.00572
2.7 0.00555
2.71 0.00538
2.72 0.00522
2.73 0.00507
2.74 0.00493
2.75 0.00479
2.76 0.00466
2.77 0.00453
2.78 0.0044
2.79 0.00428
2.8 0.00416
2.81 0.00404
2.82 0.00392
2.83 0.0038
2.84 0.00368
2.85 0.00356
2.86 0.00345
2.87 0.00333
2.88 0.00321
2.89 0.00309
2.9 0.00297
2.91 0.00285
2.92 0.00273
2.93 0.00261
2.94 0.00248
2.95 0.00236
2.96 0.00223
2.97 0.00211
2.98 0.00198
2.99 0.00185
4.0 0.0
